sil  0  10  -.59
ax  10  20  -.83
ae  20  22  -.50
dx  22  28  -.38
h   28  30  -.38
eI  30  35  -.38
sil 35  38  -.38
sil 38  42  -.38
g   42  44  -.38
u   44  50  -.38
g   50  52  -.38
@   52  55  -.38
l   55  58  -.38
ey  58  62  -.38
ae  62  63  -.38
g   63  64  -.38
u   64  69  -.38
dx  69  70  -.38
@   70  77  -.38
oU  77  80  -.44
k   80  84  -.44
eI  84  85  -.44
sil 85  86  -.44
g   86  88  -.44
u   88  89  -.44
g   89  90  -.44
@   90  91  -.44
l   91  92  -.44
eI  92  93  -.44
eI  93  95  -.44
@   95  97  -.44
g   97  99  -.44
u   99 102  -.22
