0 1 0 sil -0.05364
1 2 1 sil -0.05364
2 3 2 sil -0.05364
3 4 3 sil -0.05364
4 5 4 sil -0.05364
5 6 5 sil -0.05364
6 7 6 sil -0.05364
7 8 7 sil -0.05364
8 9 8 sil -0.05364
9 10 9 sil -0.05364
10 11 10 ax -0.07545
11 12 11 ax -0.07545
12 13 12 ax -0.07545
13 14 13 ax -0.07545
14 15 14 ax -0.07545
15 16 15 ax -0.07545
16 17 16 ax -0.07545
17 18 17 ax -0.07545
18 19 18 ax -0.07545
19 20 19 ax -0.07545
20 21 20 ae -0.16667
21 22 21 ae -0.16667
22 23 22 dx -0.05429
23 24 23 dx -0.05429
24 25 24 dx -0.05429
25 26 25 dx -0.05429
26 27 26 dx -0.05429
27 28 27 dx -0.05429
28 29 28 h -0.12667
29 30 29 h -0.12667
30 31 30 eI -0.06333
31 32 31 eI -0.06333
32 33 32 eI -0.06333
33 34 33 eI -0.06333
34 35 34 eI -0.06333
35 36 35 sil -0.09500
36 37 36 sil -0.09500
37 38 37 sil -0.09500
38 39 38 sil -0.07600
39 40 39 sil -0.07600
40 41 40 sil -0.07600
41 42 41 sil -0.07600
42 43 42 g -0.12667
43 44 43 g -0.12667
44 45 44 u -0.05429
45 46 45 u -0.05429
46 47 46 u -0.05429
47 48 47 u -0.05429
48 49 48 u -0.05429
49 50 49 u -0.05429
50 51 50 g -0.12667
51 52 51 g -0.12667
52 53 52 @ -0.09500
53 54 53 @ -0.09500
54 55 54 @ -0.09500
55 56 55 l -0.09500
56 57 56 l -0.09500
57 58 57 l -0.09500
58 59 58 ey -0.07600
59 60 59 ey -0.07600
60 61 60 ey -0.07600
61 62 61 ey -0.07600
62 63 62 ae -0.19000
63 64 63 g -0.19000
64 65 64 u -0.06333
65 66 65 u -0.06333
66 67 66 u -0.06333
67 68 67 u -0.06333
68 69 68 u -0.06333
69 70 69 dx -0.19000
70 71 70 @ -0.04750
71 72 71 @ -0.04750
72 73 72 @ -0.04750
73 74 73 @ -0.04750
74 75 74 @ -0.04750
75 76 75 @ -0.04750
76 77 76 @ -0.04750
77 78 77 oU -0.11000
78 79 78 oU -0.11000
79 80 79 oU -0.11000
80 81 80 k -0.08800
81 82 81 k -0.08800
82 83 82 k -0.08800
83 84 83 k -0.08800
84 85 84 eI -0.22000
85 86 85 sil -0.22000
86 87 86 g -0.14667
87 88 87 g -0.14667
88 89 88 u -0.22000
89 90 89 g -0.22000
90 91 90 @ -0.22000
91 92 91 l -0.22000
92 93 92 eI -0.22000
93 94 93 eI -0.14667
94 95 94 eI -0.14667
95 96 95 @ -0.14667
96 97 96 @ -0.14667
97 98 97 g -0.14667
98 99 98 g -0.14667
99 100 99 u -0.05500
100 101 100 u -0.05500
101 102 101 u -0.05500
102